10029
10144
10164
10257
10278
10431
10470
10585
10763
10786
10906
10909
10951
11022
11029
11296
11396
11549
11580
11649
11682
11722
11737
11822
11917
11921
11930
11974
12035
12067
12068
12186
12215
12440
12630
12646
12667
12766
13042
13125
13131
13142
13151
13278
13350
13389
13565
13669
13678
13738
13786
13799
13834
13948
14078
14085
14526
14541
14745
14830
14836
14866
15028
15075
15090
15153
15159
15227
15314
15379
15388
15429
15467
15494
15520
15665
15908
15919
15922
15955
15973
16148
16207
16208
16296
16313
16395
16397
16656
16715
16822
16919
16973
17097
17399
17507
17562
17748
18008
18050
18381
18459
18651
18684
18780
18993
19176
19186
19198
19298
19300
19305
19348
19659
19677
19720
19745
19856
19905
19976
19987
20072
20276
20310
20384
20410
20442
20473
20964
21166
21227
21268
21287
21320
21322
21359
21484
21554
21615
21889
21914
21933
21951
22175
22235
22463
22464
22493
22578
22603
22722
22800
22888
22944
22962
23027
23042
23087
23227
23497
23566
23609
23624
23715
23780
23961
23996
24017
24063
24256
24559
24704
24756
24773
24813
25035
25213
25224
26149
26154
26167
26317
26402
26438
26815
27032
27235
27236
27319
27362
27631
27659
27823
27878
27892
27911
27924
28112
28239
28347
28423
28543
28571
28925
28957
29239
29417
29476
29531
29546
29763
29823
29848
29851
29860
29988
30011
30134
30189
30272
30320
30583
30915
31299
31339
31477
31607
31629
31647
31655
31661
31717
31770
31852
31880
31914
31930
31989
31992
32013
32059
32342
32396
32473
32619
32640
32797
32958
33071
33099
33221
33421
33498
33589
33691
33759
33820
34039
34072
34092
34212
34294
34361
34471
34661
34712
34776
34791
34876
34993
35118
35127
35311
35328
35483
35488
35505
35578
35597
35645
35790
35851
35876
35924
35952
35962
36006
36052
36358
36521
36540
36567
36603
36635
36777
36807
36833
36887
36981
37067
37173
37245
37397
37527
37619
37738
37798
37821
37950
38054
38131
38184
38328
38349
38498
38557
38665
38703
38865
38935
39021
39054
39202
39206
39245
39283
39396
39529
39562
39565
39763
39960
39983
40093
40177
40237
40277
40372
40413
40458
40546
40765
40782
40802
40810
40855
40894
40937
41126
41131
41246
41259
41267
41345
41385
41397
41407
41555
41664
41829
41907
42044
42208
42273
42292
42348
42436
42497
42528
42650
42778
43151
43229
43631
43674
43730
43790
43825
43904
43947
43957
44029
44053
44100
44142
44223
44262
44394
44396
44640
44742
44744
44826
44900
44990
45008
45020
45051
45078
45447
45503
45579
45702
45807
45911
45992
46284
46311
46386
46438
46519
46549
46598
46871
46936
47031
47055
47097
47127
47180
47202
47235
47260
47476
47545
47604
47745
47907
47992
48071
48080
48100
48212
48278
48389
48492
48613
48668
48696
48843
49184
49246
49371
49405
49483
49575
49589
49721
49789
49810
49860
49889
49910
49984
50014
50291
50329
50364
50399
50406
50423
50538
50550
50565
50648
50679
50824
50975
51137
51225
51246
51485
51530
51576
51981
52069
52116
52464
52481
52537
52571
52592
52719
52820
52835
52865
52946
53205
53297
53359
53434
53442
53459
53470
53506
53524
53531
53631
53716
53780
53783
53846
53928
54053
54105
54334
54463
54464
54560
54566
54876
54878
55069
55213
55219
55260
55344
55500
55919
56156
56182
56211
56224
56304
56399
56532
56543
56624
56662
56818
56866
56873
56971
57008
57049
57202
57487
57696
57713
57747
57787
57823
58200
58285
58392
58677
58731
58818
58878
58907
59143
59157
59257
59404
59460
59468
59534
59707
59747
59825
59888
59939
60015
60017
60024
60101
60185
60250
60407
60411
60463
60594
60623
60731
60837
61063
61458
61461
61689
61712
61833
61967
61983
62049
62321
62383
62384
62451
62480
62698
62925
63057
63094
63239
63382
63469
63534
63630
63677
63695
63706
63718
63723
63784
63867
63881
63897
63974
64005
64013
64496
64539
64838
64891
64895
64911
64979
65227
65297
65432
65720
65843
65996
66106
66176
66233
66253
66277
66309
66513
66527
66643
66900
66984
67359
67379
67424
67436
67444
67501
67804
67868
68039
68282
68289
68295
68382
68619
68648
68664
68787
68881
69137
69323
69479
69550
69620
69723
69833
69846
69935
69976
70006
70014
70251
70430
70480
70599
70742
70773
70888
70893
70948
71176
71180
71201
71389
71572
71577
71584
71716
71799
71837
71844
71932
71981
72154
72237
72247
72268
72449
72510
72759
73123
73250
73278
73500
73513
73872
73954
73962
74000
74039
74081
74127
74177
74266
74310
74478
74537
74621
74638
74993
75074
75244
75281
75320
75360
75365
75395
75459
75503
75797
76110
76216
76367
76401
76548
76686
76804
76916
76929
77029
77048
77064
77090
77158
77246
77310
77455
77566
77602
77750
77881
77891
77965
78021
78071
78112
78116
78142
78216
78586
78658
78690
78744
78750
78832
78861
78878
78895
78937
79024
79149
79498
79568
79648
79849
79913
79989
80020
80371
80385
80455
80692
80808
80829
80851
81079
81126
81221
81333
81352
81453
81493
81800
81984
82027
82218
82245
82341
82351
82352
82458
82852
82878
83014
83168
83170
83204
83250
83394
83398
83445
83540
83576
83594
83622
83853
83938
84007
84039
84080
84084
84190
84349
84385
84414
84440
84453
84475
84506
84546
84601
84751
84806
84878
84925
85126
85157
85272
85277
85280
85308
85341
85459
85527
85798
85995
86089
86109
86158
86176
86186
86195
86240
86307
86334
86557
86614
86633
86888
86958
86969
87071
87160
87316
87391
87431
87502
87524
87650
88020
88061
88105
88122
88151
88175
88282
88291
88371
88481
88599
88722
88771
88807
89137
89155
89243
89300
89352
89388
89411
89467
89519
89672
89695
89705
89717
89725
89997
90154
90160
90288
90341
90452
90512
90526
90572
90728
90928
90987
91167
91407
91452
91532
91806
91857
92022
92069
92091
92131
92157
92195
92340
92360
92641
92861
92895
92898
93094
93297
93357
93378
93393
93403
93482
93545
93586
93772
93875
93988
94011
94044
94050
94053
94162
94166
94454
94488
94592
94777
94827
94838
94979
95148
95346
95351
95448
95465
95474
95538
95549
95846
95853
95885
95942
96226
96256
96730
96739
96784
96898
96913
96990
97060
97198
97444
97445
97516
97638
97663
97855
97887
97993
98077
98179
98246
98252
98253
98333
98394
98620
98668
98684
98718
98843
98849
98878
98998
99262
99333
99402
99416
99509
99675
99706
99764
99934
99943
