10013
10092
10191
10210
10215
10395
10646
10843
10986
11286
11352
11370
11391
11649
11649
11649
11649
11649
11649
11649
11649
11649
11649
11649
11649
11649
11649
11649
11649
11649
11834
11981
12011
12230
12300
12357
12489
12511
12517
12828
12878
13179
13219
13547
13686
13900
14174
14305
14537
14803
14980
14981
15145
15227
15227
15227
15227
15227
15227
15227
15227
15227
15227
15227
15227
15227
15227
15408
15748
15799
15881
15949
16046
16513
16704
16965
16985
17081
17212
17421
17514
17673
17686
17889
18131
18330
18584
18671
19076
19091
19131
19303
19325
19679
19856
19856
19856
19856
19856
19856
19856
19856
19856
19856
19856
19856
19856
19856
19856
19856
19856
19856
19913
20032
20276
20276
20276
20276
20276
20276
20276
20360
20473
20473
20473
20473
20473
20473
20473
20473
20473
20473
20473
20473
20473
20473
20473
20473
20473
20677
21098
21322
21322
21322
21322
21322
21322
21322
21322
21322
21322
21322
21322
21322
21322
21322
21322
21331
21402
21427
21480
21610
21666
21964
22034
22143
22172
22250
22506
22611
22650
22652
22806
22911
22933
22944
22944
22944
22944
22944
22944
22944
22944
22944
22946
23412
23532
23982
24034
24184
24400
24406
24411
24534
24754
25025
25187
25224
25224
25224
25224
25224
25224
25224
25224
25224
25224
25224
25462
26033
26049
26092
26140
26188
26453
26553
26820
26842
26854
26970
26998
27047
27133
27325
27352
27469
27603
27651
27762
27913
28382
28469
28711
28755
28988
29082
29189
29301
29417
29417
29417
29417
29417
29417
29417
29417
29417
29417
29417
29417
29481
29497
30096
30240
30340
30357
30488
30766
30817
30997
31220
31399
31773
31880
31880
31880
31880
31938
32060
32342
32676
32816
33019
33617
33657
33738
33806
34054
34115
34122
34380
34465
34551
34578
34597
34661
34661
34661
34661
34661
34661
34661
34661
34661
34661
34661
34661
34661
34661
34661
34776
34776
34776
34776
34776
34776
34776
34776
34776
34776
34856
34948
35021
35249
35310
35328
35495
35764
35866
35943
35985
36062
36234
36323
36633
36641
36814
36930
36932
37181
37494
37593
38039
38188
38511
38657
38729
38839
38843
39021
39021
39021
39021
39021
39021
39021
39021
39021
39021
39021
39056
39118
39461
39669
39677
39872
40027
40125
40258
40466
40535
40736
40828
40860
41127
41259
41259
41259
41259
41259
41259
41259
41259
41259
41259
41267
41267
41267
41267
41267
41267
41267
41267
41267
41267
41267
41267
41267
41489
41674
41883
41978
42062
42211
42241
42442
42483
42621
42682
42968
43080
43137
43216
43340
43417
43841
43910
44217
44229
44281
44318
44624
44727
44781
44879
44999
45042
45252
45349
45432
45510
45584
45688
45778
45914
45983
46104
46155
46310
46435
46485
46504
46598
46598
46598
46598
46598
46598
46689
46701
46856
47174
47261
47305
47413
47701
47711
48028
48127
48244
48389
48389
48389
48389
48389
48389
48389
48389
48389
48389
48389
48512
48848
49002
49268
49283
49315
49392
49575
49575
49575
49684
49808
49834
50186
50188
50364
50364
50364
50364
50364
50364
50364
50364
50364
50364
50364
50364
50364
50364
50390
50409
50421
50474
50477
50585
50880
50889
50985
51137
51137
51137
51137
51137
51137
51137
51137
51355
51487
51576
51576
51576
51576
51576
51645
51673
51998
52039
52111
52582
52669
52849
52865
52865
52865
52990
53116
53190
53241
53309
53340
53795
53813
53946
54168
54338
54396
54443
54805
54821
54900
54909
54992
55174
55213
55213
55213
55213
55213
55213
55213
55213
55213
55213
55213
55213
55213
55213
55213
55213
55213
55213
55213
55780
55804
55813
56010
56479
56543
56543
56543
56543
56543
56543
56543
56543
56543
56543
56543
56543
56543
56543
56543
56714
56865
56900
56917
57575
58171
58301
58318
58322
58423
58764
58807
58852
58931
58932
58935
59056
59643
59701
59850
59869
60143
60264
60290
60322
60418
60565
60759
60767
60857
61112
61123
61310
61461
61461
61461
61501
61616
61640
61686
61934
62251
62257
62319
62347
62359
62501
62691
62724
62725
62885
62912
62971
62978
62980
63318
63441
63499
63566
63667
63789
63897
63897
63897
63897
63897
63897
63897
63897
63897
63922
63975
64598
64962
65004
65023
65164
65297
65297
65297
65297
65297
65297
65297
65297
65297
65297
65297
65297
65297
65432
65432
65432
65432
65432
65432
65432
65432
65432
65432
65443
65597
65945
66295
66727
67004
67207
67245
67271
67439
67546
67550
67897
67909
68056
68330
68881
68881
68881
68881
68881
68881
68881
68881
68881
68881
68881
68881
68881
68881
68881
68881
68881
68881
68881
68881
68949
69258
69456
69499
69699
69710
69900
70352
70382
70620
70647
71087
71093
71314
71333
71462
71534
71824
71901
71938
71998
72002
72022
72170
72245
72600
72624
72707
72736
72893
73120
73202
73263
73275
73621
73695
73796
73892
74023
74111
74160
74263
74391
74555
74617
74647
74862
74920
75291
75436
75449
75485
75551
75738
75802
75808
76015
76109
76164
76216
76216
76216
76216
76216
76216
76216
76216
76216
76216
76216
76216
76216
76216
76216
76411
76657
77071
77272
77283
77700
77890
78142
78142
78142
78142
78142
78142
78142
78142
78271
78319
78405
78571
78821
78952
78957
79079
79188
79250
79276
79564
79680
79790
80266
80269
80333
80335
80480
80695
80727
80778
80868
81124
81405
81451
81551
81638
81727
81993
82005
82097
82149
82182
82286
82441
82797
82801
82886
83201
83420
83576
83576
83623
84166
84175
84331
84413
84415
84604
84749
84899
84939
85065
85195
85280
85280
85280
85280
85280
85280
85280
85280
85280
85280
85280
85280
85280
85280
85373
85389
85469
85526
85569
86125
86158
86158
86158
86158
86158
86158
86678
86781
87108
87250
87402
87733
87868
87920
88404
88441
88508
88727
88962
89113
89194
89200
89347
89489
89497
89498
89512
89540
89560
89777
89791
89821
89847
89897
89909
90166
90431
90514
90603
90797
90842
91054
91317
91325
91364
91366
91530
91593
92010
92080
92091
92091
92121
92670
92947
93024
93210
93611
93695
93799
93875
93875
93975
94016
94509
94656
94800
94852
94916
94971
95037
95481
95483
95846
95846
95846
95846
95846
95846
95846
95846
95846
95846
95846
95846
95846
95846
95846
95846
95846
95846
95928
96043
96113
96205
96386
96609
96789
96825
96894
97123
97195
97639
97655
97729
97828
97934
97963
98307
98569
98688
99082
99506
99564
99924
99928
99959
